a 1 2 154
a 2 1 154
a 2 3 117
a 2 5 82
a 3 2 117
a 3 6 83
a 4 1 74
a 4 5 161
a 4 7 83
a 5 2 82
a 5 4 161
a 5 6 117
a 5 8 76
a 6 3 83
a 6 5 117
a 6 9 90
a 7 4 83
a 7 8 163
a 7 10 86
a 8 5 76
a 8 7 163
a 8 9 115
a 8 12 83
a 9 6 90
a 9 8 115
a 9 13 86
a 10 7 86
a 10 11 48
a 11 10 48
a 11 12 120
a 12 8 83
a 12 11 120
a 12 13 116
a 13 9 86
a 13 12 116
