a 1 2 154
a 2 1 154
a 2 3 117
a 2 5 82
a 3 2 117
a 3 6 83
a 3 25 91
a 4 1 74
a 4 5 161
a 4 7 83
a 5 2 82
a 5 4 161
a 5 6 117
a 5 8 76
a 6 3 83
a 6 5 117
a 6 9 90
a 6 27 120
a 7 4 83
a 7 8 163
a 7 10 86
a 8 5 76
a 8 7 163
a 8 9 115
a 8 12 83
a 9 6 90
a 9 8 115
a 9 28 119
a 9 13 86
a 10 7 86
a 10 11 48
a 10 14 80
a 11 10 48
a 11 12 120
a 11 15 89
a 12 8 83
a 12 11 120
a 12 13 116
a 12 16 82
a 13 9 86
a 13 12 116
a 13 17 88
a 13 29 115
a 14 10 80
a 14 15 46
a 14 18 85
a 15 11 89
a 15 14 46
a 15 16 123
a 16 12 82
a 16 15 123
a 16 17 116
a 16 19 82
a 17 13 88
a 17 16 116
a 17 20 83
a 17 30 115
a 18 14 85
a 18 19 178
a 18 21 53
a 19 16 82
a 19 18 178
a 19 20 118
a 20 17 83
a 20 19 118
a 20 24 89
a 20 31 111
a 21 18 53
a 21 22 27
a 22 21 27
a 22 23 174
a 23 19 88
a 23 22 174
a 23 24 116
a 24 20 89
a 24 23 116
a 24 32 100
a 25 3 91
a 25 26 41
a 26 25 41
a 26 27 56
a 26 33 118
a 27 6 120
a 27 26 56
a 27 28 83
a 27 33 172
a 28 9 119
a 28 27 83
a 28 29 82
a 28 34 79
a 29 13 115
a 29 28 82
a 29 30 81
a 29 35 68
a 30 17 115
a 30 29 81
a 30 31 85
a 30 37 101
a 31 20 111
a 31 30 85
a 31 32 87
a 31 38 102
a 32 24 100
a 32 31 87
a 32 41 101
a 33 26 118
a 33 27 172
a 34 28 79
a 35 29 68
a 36 35 44
a 36 37 94
a 36 39 187
a 37 30 101
a 37 36 94
a 37 38 83
a 38 31 102
a 38 37 83
a 38 39 64
a 38 41 87
a 39 36 187
a 39 38 64
a 39 40 38
a 40 39 38
a 40 42 39
a 41 38 87
a 41 32 101
a 41 42 76
a 42 40 39
a 42 41 76
